30n20b8 0 3301 18380
50v-10 27 1777 2013
academictimetablesmall 255 255 28926
air05 1775 6860 7195
app1-1 0 27 2480
app1-2 0 259 26871
assign1-5-8 0 14 156
atlanta-ip 1 24665 48738
b1c1s1 0 1165 3872
bab2 0 126241 147912
bab6 0 80053 114240
beasleyC3 0 763 2500
binkar10_1 0 1272 2298
blp-ar98 0 15511 16021
blp-ic98 497 13377 13640
bnatt400 0 1 3600
bppc4-08 0 597 1456
brazil3 0 6841 23968
buildingenergy 4 45114 154978
cbs-cta 968 968 24793
chromaticindex1024-7 0 0 73728
chromaticindex512-7 0 0 36864
cmflsp50-24-8-8 0 13255 16392
CMS750_4 0 750 11697
co-100 77 46317 48417
cod105 0 182 1024
comp07-2idx 3721 14060 17264
comp21-2idx 64 8584 10863
cost266-UUE 0 2951 4161
cryptanalysiskb128n5obj16 0 0 48950
csched007 27 1382 1758
csched008 0 1 1536
cvs16r128-89 0 3 3472
dano3_3 48 11796 13873
dano3_5 25 11796 13873
decomp2 3331 3331 14387
drayage-100-23 0 6522 11090
drayage-25-23 0 5095 11090
dws008-01 0 168 11096
eil33-2 1030 4484 4516
eilA101-2 26683 65732 65832
enlight_hard 0 100 200
ex10 0 6204 17680
ex9 713 4059 10404
exp-1-500-5-5 0 486 990
fast0507 2291 61185 63009
fastxgemm-n2r6s0t2 0 136 784
fhnw-binpack4-48 0 0 3710
fiball 0 2973 34219
gen-ip002 0 18 41
gen-ip054 0 9 30
germanrr 0 9666 10813
gfd-schedulen180f7d50m30k18 1 1 227535
glass-sc 0 112 214
glass4 0 18 322
gmu-35-40 438 718 1205
gmu-35-50 740 1045 1919
graph20-20-1rand 0 37 2183
graphdraw-domain 0 0 254
h80x6320d 0 11426 12640
highschool1-aigio 4099 152414 320404
hypothyroid-k1 1 173 2602
ic97_potential 0 0 728
icir97_tension 0 346 2494
irish-electricity 26 29800 61728
irp 9627 20262 20315
istanbul-no-cutoff 0 72 5282
k1mushroom 0 3874 8211
lectsched-5-obj 0 2679 21805
leo1 609 6649 6731
leo2 2273 11005 11100
lotsize 0 1181 2985
mad 0 20 220
map10 0 202 164547
map16715-04 0 127 164547
markshare2 0 14 74
markshare_4_0 0 4 34
mas74 53 138 151
mas76 79 139 151
mc11 0 1119 3040
mcsched 0 45 1747
mik-250-20-75-4 100 195 270
milo-v12-6-r2-40-1 0 301 2688
momentum1 0 1396 5174
mushroom-best 8124 8275 8468
mzzv11 25 3301 10240
mzzv42z 41 3307 11717
n2seq36q 8047 11806 22480
n3div36 4752 21993 22120
n5-3 0 1767 2550
neos-1122047 0 0 5100
neos-1171448 781 781 4914
neos-1171737 369 369 2340
neos-1354092 0 5568 13702
neos-1445765 0 18146 20617
neos-1456979 330 3840 4605
neos-1582420 7292 9396 10100
neos-2657525-crna 0 32 524
neos-2746589-doon 1654 31068 50936
neos-2978193-inde 0 18177 20800
neos-2987310-joes 0 21790 27837
neos-3004026-krka 0 0 17030
neos-3024952-loue 0 356 3255
neos-3046615-murg 0 25 274
neos-3083819-nubu 1076 3015 8644
neos-3216931-puriri 90 1305 3555
neos-3381206-awhea 0 0 2375
neos-3402294-bobin 0 24 2904
neos-3555904-turama 0 4462 37461
neos-3627168-kasai 0 319 1462
neos-3656078-kumeu 0 164 14870
neos-3754480-nidda 0 136 253
neos-4300652-rahue 0 10374 33003
neos-4338804-snowy 0 21 1344
neos-4387871-tavua 0 1741 4004
neos-4413714-turia 199 199 190402
neos-4532248-waihi 0 1 86842
neos-4647030-tutaki 0 7414 12600
neos-4722843-widden 0 4254 77723
neos-4738912-atrato 0 4361 6216
neos-4763324-toguru 165 48483 53593
neos-4954672-berkel 0 330 1533
neos-5049753-cuanza 0 216602 242736
neos-5052403-cygnet 0 25332 32868
neos-5093327-huahum 0 14983 40640
neos-5104907-jarama 0 223036 345856
neos-5107597-kakapo 0 24 3114
neos-5114902-kasavu 0 651558 710164
neos-5188808-nattai 0 2376 14544
neos-5195221-niemur 0 72 14546
neos-631710 0 10 167056
neos-662469 2059 17530 18235
neos-787933 0 172668 236376
neos-827175 10234 10234 32504
neos-848589 0 548865 550539
neos-860300 72 1245 1385
neos-873061 0 80746 175288
neos-911970 0 295 888
neos-933966 0 26040 31762
neos-950242 0 0 5760
neos-957323 11 24177 57756
neos-960392 0 22372 59376
neos17 1 90 535
neos5 0 20 63
neos8 17 900 23228
net12 0 1566 14115
netdiversion 100 32591 129180
nexp-150-20-8-5 0 17866 20115
ns1116954 0 0 12648
ns1208400 284 356 2883
ns1644855 885 2614 30200
ns1760995 0 931 17956
ns1830653 0 1031 1629
ns1952667 0 0 13264
nu25-pr12 0 3975 5868
nursesched-medium-hint03 3469 29387 34248
nursesched-sprint02 3971 7430 10250
nw04 81790 87410 87482
opm2-z10-s4 0 441 6250
p200x1188c 0 1146 2376
peg-solitaire-a3 83 1520 4552
pg 0 2575 2700
pg5_34 0 2475 2600
physiciansched3-3 104 12358 79555
physiciansched6-2 0 9253 111827
piperout-08 0 207 10399
piperout-27 0 233 11659
pk1 0 1 86
proteindesign121hz512p9 83586 138806 159145
proteindesign122trx11p8 54072 95639 127326
qap10 793 2450 4150
radiationm18-12-05 0 271 40623
radiationm40-10-02 0 253 172013
rail01 0 48925 117527
rail02 12067 105433 270869
rail507 2850 61063 63019
ran14x18-disj-8 0 181 504
rd-rplusc-21 0 0 622
reblock115 0 119 1150
rmatr100-p10 0 6660 7359
rmatr200-p5 0 23773 37816
rocI-4-11 0 34 6839
rocII-5-11 45 166 11523
rococoB10-011000 0 3599 4456
rococoC10-001000 0 2428 3117
roi2alpha3n4 0 6585 6816
roi5alpha10n8 0 105296 106150
roll3000 0 562 1166
s100 40291 336726 364417
s250r10 196783 255135 273142
satellites2-40 198 6724 35378
satellites2-60-fs 198 8159 35378
savsched1 0 134805 328575
sct2 286 3412 5885
seymour 0 320 1372
seymour1 0 320 1372
sing326 374 20436 55156
sing44 359 21952 59708
snp-02-004-104 0 120419 228350
sorrell3 0 0 1024
sp150x300d 0 110 600
sp97ar 0 13812 14101
sp98ar 5764 14817 15085
splice1k1 0 1360 3253
square41 1286 34835 62234
square47 1043 51431 95030
supportcase10 0 22 14770
supportcase12 0 44586 799616
supportcase18 0 2805 13410
supportcase19 0 1414574 1429098
supportcase22 0 2280 7129
supportcase26 0 0 436
supportcase33 0 3654 20203
supportcase40 0 9895 16440
supportcase42 0 18438 19466
supportcase6 48240 129111 130052
supportcase7 0 129235 138844
swath1 1541 6632 6805
swath3 1272 6632 6805
tbfp-network 53515 67607 72747
thor50dday 0 52788 106261
timtab1 0 134 397
tr12-30 0 360 1080
traininstance2 0 5 12890
traininstance6 0 4 10218
trento1 670 6502 7687
triptim1 7111 13742 30055
uccase12 1049 14421 62529
uccase9 0 12154 33242
uct-subprob 0 1039 2256
unitcal_7 0 8253 25755
var-smallemery-m6j6 36 3700 5608
wachplan 1 1216 3361
